image: /home/nvidia/cartographer_ws/maps/10_sep_19_hallway1.pgm
resolution: 0.500000
origin: [-7.550830, -46.796631, 0.000000]
negate: 0
occupied_thresh: 0.65
free_thresh: 0.196

