image: ./lab_and_hallway_jan_12_2020.pbstream.pgm
resolution: 0.020000
origin: [-31.165493, -58.550000, 0.000000]
negate: 0
occupied_thresh: 0.65
free_thresh: 0.196

